$ANSIBLE_VAULT;1.1;AES256
34653932303931393136613438343437653138656366363931636237626166653137313330326438
6632613062333331346231663334333038636532383564640a343534333965396339326264643432
64393564306530353430386630616330336137366632383636653338663065643134346638306562
6431383432656335640a643364653639666162653239323739636534356332353839363238663861
36306632333838613862333237383364646531383131633061363133346534363066643663373533
31356436343865373131313163393639623234316465616633636236633161663935303165393233
62323266646137383637343538626462616436633963386662663336663231313035306562373564
65613166633632396638323963613239353132353439356630306432366365616235646537383335
39306463633837616438383933356465353332336639333462373566366635346265333739343432
62326633633637663439626565653832646466363866626233313365626532613133333730313930
373436333561336439346465373134393630
